0 135
1 8
2 203
3 17
4 8
5 2
6 13
7 3
8 6
9 72


0 23
1 8
2 73
3 31
4 3
5 5
6 42
7 1
8 1
9 29


0 116
1 1
2 31
3 533
4 2
5 1
6 2
7 6
8 0
9 155


0 5
1 35
2 0
3 1
4 44
5 5
6 36
7 7
8 57
9 0


0 3
1 3
2 0
3 56
4 61
5 69
6 0
7 0
8 19
9 0


0 1
1 77
2 41
3 36
4 0
5 0
6 1
7 14
8 116
9 16


0 0
1 17
2 1
3 689
4 8
5 18
6 0
7 21
8 29
9 66


0 2
1 26
2 1
3 6
4 456
5 4
6 7
7 23
8 17
9 647


0 0
1 4
2 3
3 0
4 999
5 2
6 1
7 3
8 0
9 0


0 0
1 4
2 21
3 0
4 8
5 225
6 32
7 0
8 103
9 10


0 0
1 97
2 3
3 12
4 5
5 363
6 20
7 1
8 256
9 71


0 2
1 30
2 0
3 84
4 12
5 164
6 11
7 1
8 181
9 1


0 57
1 14
2 9
3 3
4 8
5 222
6 277
7 2
8 509
9 0


0 5
1 1
2 1
3 3
4 58
5 55
6 8
7 0
8 607
9 3


0 14
1 13
2 5
3 0
4 21
5 129
6 858
7 1
8 74
9 0


0 20
1 3
2 1
3 221
4 7
5 0
6 3
7 967
8 0
9 5


0 14
1 15
2 550
3 365
4 74
5 4
6 36
7 1
8 51
9 32


0 3
1 15
2 563
3 21
4 20
5 0
6 254
7 54
8 108
9 1


0 327
1 11
2 91
3 355
4 13
5 44
6 5
7 9
8 84
9 249


0 2
1 9
2 1
3 238
4 12
5 351
6 11
7 0
8 222
9 83


0 2
1 12
2 1
3 782
4 66
5 59
6 95
7 1
8 69
9 16


